1.517275825319118977e+09
1.517275838770678282e+09
1.517275855487045765e+09
1.517275861461097956e+09
1.517275878403040171e+09
1.517275881692054272e+09
1.517275892351742268e+09
1.517275931955076218e+09
1.517275949657615900e+09
1.517275954318875313e+09
1.517275975402242899e+09
1.517275980940038919e+09
1.517275989862987995e+09
1.517275996676210165e+09
1.517276010778411627e+09
1.517276015969993353e+09
1.517276024342116833e+09
1.517276128449565649e+09
1.517276143789371729e+09
1.517276146049608231e+09
1.517276237659744978e+09
1.517276241784555435e+09
1.517276278494839907e+09
1.517276400679584742e+09
1.517276450695238113e+09
1.517276507464693308e+09
1.517276515010868311e+09
1.517276527864091158e+09
1.517276529843374014e+09
1.517276540408441067e+09
1.517276722980120420e+09
1.517276731928321600e+09
1.517276937116416931e+09
1.517276940285376072e+09
1.517276956216462135e+09
1.517276975632067919e+09
1.517276980248849392e+09
1.517276992350352287e+09
1.517277003629655600e+09
1.517277031811488867e+09
1.517277041754725695e+09
1.517277050609402895e+09
1.517277061771623135e+09
1.517277098871544600e+09
1.517277104815747499e+09
1.517277159646917105e+09
1.517277174483175516e+09
1.517277192919092655e+09
1.517277219068839550e+09
1.517277227372858524e+09
1.517277247347335339e+09
1.517277250877164602e+09
1.517277669452625751e+09
1.517277869627367496e+09
1.517277875951058626e+09
1.517277948891483784e+09
1.517277953024603605e+09
1.517278088030701637e+09
1.517278112762124300e+09
1.517278176267411709e+09
1.517278181366142273e+09
1.517278325983065128e+09
1.517278331423105717e+09
1.517278405990854263e+09
1.517278688177724838e+09
1.517278692796473980e+09
1.517278709265199900e+09
1.517278713492158175e+09
1.517278938397712231e+09
1.517278946959474325e+09
1.517278976103308439e+09
1.517279012802660227e+09
1.517279023140569210e+09
1.517279027454938412e+09
1.517279093744953394e+09
1.517279107480362892e+09
1.517279215655530930e+09
1.517279271764707804e+09
1.517279275786198378e+09
1.517279328981714010e+09
1.517279332810184479e+09
1.517279377104418278e+09
1.517279380886794567e+09
1.517279487329207659e+09
1.517279529161897421e+09
1.517279583370693684e+09
1.517279586213214636e+09
1.517279759405576706e+09
1.517279769600059509e+09
1.517280023563039064e+09
1.517280026994508982e+09
1.517280085985522032e+09
1.517280104981723547e+09
1.517280114731965065e+09
1.517280336991813183e+09
1.517280340486035347e+09
1.517280717742516041e+09
1.517280831843880415e+09
1.517280858005603075e+09
1.517280861363971472e+09
1.517280869200545311e+09
1.517280932886925220e+09
1.517281073489608765e+09
1.517281113013626337e+09
1.517281117138711452e+09
1.517281260693407059e+09
1.517281270111594200e+09
1.517281394751906395e+09
1.517281410460478067e+09
1.517281484552781820e+09
1.517281488093144178e+09
1.517281565534327507e+09
1.517281568490386248e+09
1.517281626446044445e+09
1.517281630178853989e+09
1.517281713243735313e+09
1.517281873356319666e+09
1.517281877919263363e+09
1.517281886665373802e+09
1.517282158629561424e+09
1.517282162467631578e+09
1.517282170147303820e+09
1.517282178249640942e+09
1.517282195707371235e+09
1.517282206629777908e+09
1.517282224007107019e+09
1.517282228022833586e+09
1.517282289576536655e+09
1.517282297472395420e+09
1.517282323898021221e+09
1.517282332659796476e+09
1.517282336984968424e+09
1.517282343315176249e+09
1.517282445378600597e+09
1.517282449038700104e+09
1.517282458499850035e+09
1.517282482162733793e+09
1.517282486218276978e+09
1.517282535093616486e+09
1.517282740168198824e+09
1.517282777621755362e+09
1.517282785972704649e+09
1.517282801528324366e+09
1.517282838051074505e+09
1.517282841389896631e+09
1.517282990637013197e+09
1.517282996278469086e+09
1.517283059019490242e+09
1.517283112832112074e+09
1.517283121076529980e+09
1.517283195714801788e+09
1.517283201482833624e+09
1.517283240912766695e+09
1.517283243600502729e+09
1.517283364347454786e+09
1.517283413885215759e+09
1.517283482485918999e+09
1.517283486803609371e+09
1.517283510764456272e+09
1.517283556421102762e+09
1.517283561554846525e+09
1.517283567494185925e+09
1.517283577236568213e+09
1.517283605628723860e+09
1.517283675910907269e+09
1.517283713811300993e+09
1.517283717145507574e+09
1.517284036691470861e+09
1.517284041969850779e+09
1.517284313881676435e+09
1.517284320279247999e+09
1.517284324492709637e+09
1.517284436608469486e+09
1.517284459715476036e+09
1.517284487415965080e+09
1.517284490791342974e+09
1.517284519512860298e+09
1.517284539462176561e+09
1.517284580987465858e+09
1.517284813186913013e+09
1.517284881245635748e+09
1.517284894081416368e+09
1.517284901214906216e+09
1.517285006967720032e+09
1.517285013377025366e+09
1.517285016650973320e+09
1.517285150919025183e+09
1.517285155881481886e+09
1.517285324034298420e+09
1.517285355242495537e+09
1.517285359175549984e+09
1.517285762726499557e+09
1.517286025341171980e+09
1.517286030144609928e+09
1.517286036563454866e+09
1.517286084157541513e+09
1.517286293426975489e+09
1.517286298309675694e+09
1.517286361991178989e+09
1.517286365912097454e+09
1.517286375056829929e+09
1.517286390596353531e+09
1.517286580698915958e+09
1.517286583953229189e+09
1.517286592177468538e+09
1.517286597294042587e+09
1.517286604623787403e+09
1.517286616345186472e+09
1.517286631741204500e+09
1.517286652110632181e+09
1.517286663183326244e+09
1.517286666524479389e+09
1.517286764650938511e+09
1.517286776327059269e+09
1.517286797349160910e+09
1.517286800535909414e+09
1.517286915393332481e+09
1.517286921674235582e+09
1.517287029457753420e+09
1.517287032643304110e+09
1.517287229574457645e+09
1.517287234789274454e+09
1.517287253729073286e+09
1.517287620589918137e+09
1.517287626212723970e+09
1.517287765462081432e+09
1.517287857966271162e+09
1.517287880323598146e+09
1.517287883689121008e+09
1.517288336322057724e+09
1.517288341559999466e+09
1.517288442300062656e+09
1.517288448349675655e+09
1.517288499094624996e+09
1.517288528525727034e+09
1.517288572855220556e+09
1.517288594033832550e+09
1.517288609704998016e+09
1.517288674876866341e+09
1.517288700475972891e+09
1.517288722167415380e+09
1.517288748594768763e+09
1.517288752093090057e+09
1.517288800612155676e+09
1.517288810307506800e+09
1.517288820170809507e+09
1.517288826976221800e+09
1.517288871597329378e+09
1.517288878746985435e+09
1.517288882802145958e+09
1.517288894504636049e+09
1.517288953866342783e+09
1.517289140453563452e+09
1.517289145801693678e+09
1.517289202656414509e+09
1.517289206819883585e+09
1.517289385188140869e+09
1.517289400875614643e+09
1.517289503516413689e+09
1.517289509012207270e+09
1.517289516660026312e+09
1.517289533629261255e+09
1.517289546417673588e+09
1.517289685385458231e+09
1.517289688671479225e+09
1.517289939239533186e+09
1.517289955957150698e+09
1.517289976909587383e+09
1.517290128396733284e+09
1.517290234373266220e+09
1.517290247993372679e+09
1.517290268075374365e+09
1.517290271106489897e+09
1.517290391385101318e+09
1.517290395050283432e+09
1.517290406689425707e+09
1.517290608516147852e+09
1.517290612473113060e+09
1.517290911436945915e+09
1.517290915846723080e+09
1.517291100191556215e+09
1.517291106941442728e+09
1.517291126558894157e+09
1.517291131393764496e+09
1.517291425735342979e+09
1.517291428237093210e+09
1.517291462596822977e+09
1.517291471916655064e+09
1.517291521219537497e+09
1.517291525896860123e+09
1.517291559834145308e+09
1.517291564623392820e+09
1.517291661035250902e+09
1.517291773403212309e+09
1.517291777653376579e+09
1.517291787076354980e+09
1.517291790148705959e+09
1.517291838815001965e+09
1.517291841351407290e+09
1.517291866651614428e+09
1.517291871959736824e+09
1.517291915344093800e+09
1.517291917960654736e+09
1.517291959253861189e+09
1.517292011755117893e+09
1.517292056175550461e+09
1.517292104071462154e+09
1.517292107000595093e+09
1.517292172132459641e+09
1.517292177297072172e+09
1.517292313810913563e+09
1.517292318406122208e+09
1.517292471463695765e+09
1.517292475780218124e+09
1.517292786354932070e+09
1.517292836937787771e+09
1.517292840724045992e+09
1.517292849798170567e+09
1.517292917400782585e+09
1.517292921993195772e+09
1.517293005470580816e+09
1.517293009207017422e+09
1.517293122784040451e+09
1.517293280173454523e+09
1.517293292125129223e+09
1.517293296324489117e+09
1.517293549716023922e+09
1.517293590140545845e+09
1.517293593296427488e+09
1.517293681883099318e+09
1.517293691309074879e+09
1.517293720404874802e+09
1.517293727184557915e+09
1.517293744058422327e+09
1.517293749318788767e+09
1.517293834490550995e+09
1.517293859657939196e+09
1.517293873286490202e+09
1.517293878817387342e+09
1.517293901323032618e+09
1.517293916831451416e+09
1.517293989750535011e+09
1.517293994900530577e+09
1.517294027659406424e+09
1.517294045792602539e+09
1.517294060492451429e+09
1.517294071060091972e+09
1.517294079446568251e+09
1.517294084247792959e+09
1.517294101035723686e+09
1.517294110433217764e+09
1.517294127523391724e+09
1.517294136477789879e+09
1.517294145421496153e+09
1.517294149001108885e+09
1.517294161673079252e+09
1.517294172982152939e+09
1.517294203807218790e+09
1.517294209558671236e+09
1.517294227888003588e+09
1.517294232984557152e+09
1.517294318265989065e+09
1.517294357261370897e+09
1.517294377328992128e+09
1.517294397763800144e+09
1.517294415095776081e+09
1.517294427796578169e+09
1.517294431339092016e+09
1.517294441945633173e+09
1.517294447294693708e+09
1.517294470732075930e+09
1.517294473420087099e+09
1.517294551254379511e+09
1.517294599162142038e+09
1.517294605491831541e+09
1.517294826487708807e+09
1.517294829874308348e+09
1.517294957508584499e+09
1.517295014276759624e+09
1.517295019524815321e+09
1.517295275930412292e+09
1.517295302386201620e+09
1.517295305561517477e+09
1.517295310415552139e+09
1.517295555713462114e+09
1.517295559255775928e+09
1.517295700506427050e+09
1.517295706070816278e+09
1.517295797785440445e+09
1.517296049848711729e+09
1.517296053717368841e+09
1.517296114897910833e+09
1.517296118218860626e+09
1.517296398644446135e+09
1.517296403383575201e+09
1.517296419870552301e+09
1.517296427915891409e+09
1.517296524385516644e+09
1.517296533573018789e+09
1.517296537119506121e+09
1.517296565306798458e+09
1.517296698872266054e+09
1.517296719150345087e+09
1.517296728098047495e+09
1.517296735763161421e+09
1.517296749059184790e+09
1.517296771480686188e+09
1.517296811405923843e+09
1.517296816181822777e+09
1.517296821306241512e+09
1.517296826032009363e+09
1.517296860957065344e+09
1.517296891097800493e+09
1.517296911642846584e+09
1.517296954965197802e+09
1.517296959238258123e+09
1.517296977219363451e+09
1.517296988489967585e+09
1.517296999773333549e+09
1.517297005356567144e+09
1.517297008422039270e+09
1.517297064580254793e+09
1.517297069063825369e+09
1.517297104763910770e+09
1.517297109685177088e+09
1.517297129820832729e+09
1.517297164275894403e+09
1.517297190622515678e+09
1.517297211493522406e+09
1.517297224659937620e+09
1.517297235672163010e+09
1.517297243398440361e+09
1.517297247904458284e+09
1.517297265874907970e+09
1.517297270219052076e+09
1.517297283936920404e+09
1.517297309452697515e+09
1.517297317557598829e+09
