1.517186842608281851e+09
1.517186860039217472e+09
1.517186862718659639e+09
1.517186880596521854e+09
1.517186927118606091e+09
1.517186978146108389e+09
1.517186983616632938e+09
1.517186994726751089e+09
1.517187003551865816e+09
1.517187017845128059e+09
1.517187033619477749e+09
1.517187046876296282e+09
1.517187054362518787e+09
1.517187070683052301e+09
1.517187080892714739e+09
1.517187091796591282e+09
1.517187098849222422e+09
1.517187130298690796e+09
1.517187136629141331e+09
1.517187156616493940e+09
1.517187161674004078e+09
1.517187167533153296e+09
1.517187174210322380e+09
1.517187179099436998e+09
1.517187187732071400e+09
1.517187202013576984e+09
1.517187212798191309e+09
1.517187244478370905e+09
1.517187258715792894e+09
1.517187274497881889e+09
1.517187286997011423e+09
1.517187297806467056e+09
1.517187306221201658e+09
1.517187309399250507e+09
1.517187318275864840e+09
1.517187326643342495e+09
1.517187336269804001e+09
1.517187352041183472e+09
1.517187361142208338e+09
1.517187394200560808e+09
1.517187402715192795e+09
1.517187406410778761e+09
1.517187423277038097e+09
1.517187433060242653e+09
1.517187440514862299e+09
1.517187446583955288e+09
1.517187457231969833e+09
1.517187475352036238e+09
1.517187487867813110e+09
1.517187492874670029e+09
1.517187507718149900e+09
1.517187517585000515e+09
1.517187521131723404e+09
1.517187532065069199e+09
1.517187541509356260e+09
1.517187554512616873e+09
1.517187567978885889e+09
1.517187569902703047e+09
1.517187592214782000e+09
1.517187598476265430e+09
1.517187611486905098e+09
1.517187616346463680e+09
1.517187628760810137e+09
1.517187639128493547e+09
1.517187645175072670e+09
1.517187653734097719e+09
1.517187664811226368e+09
1.517187675124887228e+09
1.517187685374294043e+09
1.517187709317265034e+09
1.517187711248051167e+09
1.517187719993351221e+09
1.517187728251170635e+09
1.517187733878364801e+09
1.517187752298492670e+09
1.517187781644169569e+09
1.517187794566510677e+09
1.517187846704015255e+09
1.517187849538180828e+09
1.517187856856023550e+09
1.517187876191659927e+09
1.517187887107949734e+09
1.517187892995985270e+09
1.517187974601345778e+09
1.517188023156258583e+09
1.517188058899146080e+09
1.517188255911026716e+09
1.517188261109098434e+09
1.517188269972034693e+09
1.517188315597100496e+09
1.517188321429763794e+09
1.517188354448137760e+09
1.517188426584050417e+09
1.517188441741122723e+09
1.517188444593274117e+09
1.517188470911025286e+09
1.517188488565695286e+09
1.517188524335772276e+09
1.517188531720721245e+09
1.517188690408172607e+09
1.517188695809930801e+09
1.517188705045291662e+09
1.517188777535597324e+09
1.517188827154788733e+09
1.517188830389317036e+09
1.517188936196117163e+09
1.517188940411061049e+09
1.517188947692540407e+09
1.517188957097302198e+09
1.517188964727130890e+09
1.517188969392481089e+09
1.517188992136860371e+09
1.517189000880432844e+09
1.517189015540229559e+09
1.517189018382146358e+09
1.517189232296413660e+09
1.517189330517139673e+09
1.517189336366911173e+09
1.517189447413617849e+09
1.517189625395565987e+09
1.517189630272670507e+09
1.517189644051027536e+09
1.517189766187736988e+09
1.517189906555635691e+09
1.517189910472808123e+09
1.517190024920404434e+09
1.517190196433220863e+09
1.517190200330036879e+09
1.517190694373287439e+09
1.517190768839787483e+09
1.517190773222517014e+09
1.517191608062232256e+09
1.517191610541767597e+09
1.517191865137457371e+09
1.517191868202581644e+09
1.517191871829200506e+09
1.517192083918132067e+09
1.517192087212197065e+09
1.517192306950288773e+09
1.517192310319580317e+09
1.517192478529128790e+09
1.517192481380027056e+09
1.517192486135046482e+09
1.517192736125783920e+09
1.517192740824640989e+09
1.517192918094727278e+09
1.517192922284186840e+09
1.517192928685484409e+09
1.517193123173197269e+09
1.517193124722092152e+09
1.517193350971993923e+09
1.517193354334637880e+09
1.517193626806462049e+09
1.517193629049167395e+09
1.517193792139230728e+09
1.517194137066220999e+09
1.517194139440969944e+09
1.517194370814144373e+09
1.517194383275106668e+09
1.517194545521779537e+09
1.517194550345945120e+09
1.517194641938301086e+09
1.517194644894409418e+09
1.517194659427930355e+09
1.517195124745601177e+09
1.517195135150816202e+09
1.517195140808825731e+09
1.517195148984789371e+09
1.517195372621534109e+09
1.517195374941423893e+09
1.517195468373784065e+09
1.517195470222546101e+09
1.517195548964330673e+09
1.517195552087753534e+09
1.517195679614230871e+09
1.517195758450491190e+09
1.517195764246256351e+09
1.517195978488823414e+09
1.517195989868490934e+09
1.517195992195463419e+09
1.517196075922716618e+09
1.517196090463696718e+09
1.517196142829570293e+09
1.517196209013060808e+09
1.517196215459011316e+09
1.517196258806531429e+09
1.517196262987684250e+09
1.517196537975982904e+09
1.517196543954232454e+09
1.517196717335336685e+09
1.517196719251642466e+09
1.517196726256948471e+09
1.517196816456956863e+09
1.517196820646257877e+09
1.517196957281332731e+09
1.517197362757729530e+09
1.517197365616221189e+09
1.517197521760899067e+09
1.517197563024020195e+09
1.517197568154837847e+09
1.517197584283324718e+09
1.517197588767642260e+09
1.517197899055351257e+09
1.517198019924013138e+09
1.517198025352489948e+09
1.517198070988206387e+09
1.517198074387938261e+09
1.517198094144540310e+09
1.517198281627509356e+09
1.517198302875245810e+09
1.517198306501112223e+09
1.517198313527185202e+09
1.517198538493698835e+09
1.517198691956782103e+09
1.517198694106731415e+09
1.517198824232472420e+09
1.517198828564536572e+09
1.517198985460988760e+09
1.517198991935920715e+09
1.517199258053459406e+09
1.517199262760163784e+09
1.517199362891870499e+09
1.517199661486269236e+09
1.517199675778780699e+09
1.517199696132451057e+09
1.517199700827276230e+09
1.517199708348716497e+09
1.517199734499680281e+09
1.517199743114413738e+09
1.517199775347254753e+09
1.517199777560587406e+09
1.517199870035046816e+09
1.517199956273448944e+09
1.517199964086144924e+09
1.517199987870445728e+09
1.517199996352890015e+09
1.517200034185690641e+09
1.517200047394372702e+09
1.517200055334739923e+09
1.517200069040371418e+09
1.517200079364443779e+09
1.517200104230237722e+09
1.517200105970542192e+09
1.517200118987541676e+09
1.517200121379948378e+09
1.517200128959776402e+09
1.517200140916929960e+09
1.517200148010160923e+09
1.517200181613313913e+09
1.517200199823349237e+09
1.517200534381882429e+09
1.517200537022004128e+09
1.517200666795454264e+09
1.517200668725408077e+09
1.517200864704652309e+09
1.517200867168432236e+09
1.517200874332135201e+09
1.517201123050686121e+09
1.517201126213892698e+09
1.517201599713042974e+09
1.517201648324700356e+09
1.517201651250301838e+09
1.517201657365236521e+09
1.517201869836503744e+09
1.517201873573030472e+09
1.517202079342653990e+09
1.517202082071171284e+09
1.517202209891987324e+09
1.517202517687059879e+09
1.517202735883607388e+09
1.517202752583382368e+09
1.517202755440919638e+09
1.517202941771856546e+09
1.517202945018524885e+09
1.517203329517884970e+09
1.517203332452824593e+09
1.517203511096716642e+09
1.517203540425245762e+09
1.517204015204594851e+09
1.517204018193166494e+09
1.517204514329295397e+09
1.517204518591515303e+09
1.517205018211037874e+09
1.517205021628126621e+09
1.517205046094501019e+09
1.517205053246122122e+09
1.517205117794778585e+09
1.517205121891798735e+09
1.517205438420322895e+09
1.517205493887569189e+09
1.517205496101058722e+09
1.517206403296274900e+09
1.517206622829719543e+09
1.517206625675570726e+09
1.517206635756122828e+09
1.517206653191693068e+09
1.517206656198600531e+09
1.517207627076714993e+09
1.517207630064136982e+09
1.517207645297415018e+09
1.517207649624827147e+09
1.517208645369206905e+09
1.517208650911390543e+09
1.517208896989992380e+09
1.517208902060495853e+09
1.517209245285656452e+09
1.517209247752985477e+09
1.517209281966409206e+09
1.517209529720127106e+09
1.517209532917519093e+09
1.517209909752983809e+09
1.517209911880104542e+09
1.517209921311972857e+09
1.517209961890602112e+09
1.517210110178693056e+09
1.517210113676502943e+09
1.517210142326914787e+09
1.517210150195946455e+09
1.517210164134639740e+09
