# extracted from GRID-Arendal
# http://www.grida.no/graphicslib/detail/mean-surface-temperature_c7e4
# 
# COLOR_MODEL = RGB
-9 164  38  44   -8 219  30  38
-8 219  30  38   -7 241  71  28 
-7 241  71  28   -6 245 114  21
-6 245 114  21   -5 248 157  14
-5 248 157  14   -4 252 199   7
-4 252 199   7   -3 254 222  39
-3 254 222  39   -2 243 240  29
-2 243 240  29   -1 204 230  75
-1 204 230  75    0 192 229 136
 0 192 229 136    1 153 219 184
 1 153 219 184    2 102 204 206 
 2 102 204 206    3  51 188 207
 3  51 188 207    4  25 181 241
 4  25 181 241    5  4 161 230
 5  4 161 230     6  11 142 216
 6  11 142 216    7  23 111 193
 7  23 111 193    8  30  92 179
 8  30  92 179    9  30  92 179
B   0   0   0
F 255 255 255
N 255   0   0