128.05	42
124.0666667	40.73333333
126.15	42.31666667
126.0166667	42.4
126.0333333	42.36666667
126.0333333	42.33333333
125.0666667	43.03333333
125.1166667	43.3
125.1333333	43.41666667
125.0166667	43.36666667
125.1333333	43.76666667
123.05	43.55
123.0333333	43.73333333
124.0333333	43.73333333
122.0833333	43.65
126.05	44.16666667
128.05	44.2
129.05	44.46666667
129.0833333	44.33333333
130.0333333	45.26666667
131.1	45.23333333
132.0333333	47.31666667
127.0333333	47.36666667
127.05	46.91666667
128.1	45.21666667
128.0333333	48.65
126.1166667	48.71666667
126	44.73333333
126.0166667	48.05
125.0666667	49.21666667
126.0833333	49.8
123.05	49.36666667
123.05	49.9
124.0666667	50.73333333
120.05	47.36666667
120.0333333	47.31666667
116.0166667	43.43333333
115.1333333	44.85
115.0666667	44.43333333
114.0166667	44.25
