6.85        50.17          
2.97        45.775  
2.53        42.17   
-4.02       38.87   
10.87       43.25   
11.93       42.6    
12.7        41.73   
14.139      40.827  
14.426      40.821  
13.897      40.73   
14.83       39.48   
15.213      38.789  
15.064      38.638  
14.933      38.49   
14.962      38.404  
14.999      37.748  
12.7        37.1    
12.02       36.77   
14.399      39.284  
23.336      37.615  
24.439      36.699  
25.396      36.404  
27.16       36.586  
27.14       36.671  
28.52       38.58   
33.65       37.67   
34.17       38.13   
34.57       38.25   
34.621      38.537  
35.447      38.531  
39.83       37.67   
42.229      38.654  
43.874      39.356  
44.3        39.7    
42.442      43.351  
44.5        42.7    
43.7        41.542  
44.2        40.53   
44.75       40.275  
45.551      39.704  
45.74       40.028  
46.02       39.73   
41.83       15.55   
42.18       15.05   
42.75       14.02   
42.73       13.72   
39.82       15.042  
39.92       14.88   
40.3        14.242  
40.408      13.975  
40.553      13.793  
40.6        13.725  
40.67       13.6    
40.631      13.512  
40.722      13.51   
41.809      13.579  
41.7        13.37   
41.65       13.27   
41.725      13.18   
41.599      13.098  
41.161      13.106  
41.063      13.284  
40.987      13.304  
40.853      13.088  
40.185      13.013  
40.573      12.888  
40.48       12.595  
40.07       12.38   
40.82       12.17   
40.242      11.816  
41.208      11.88   
41.45       11.63   
42.2        12.38   
42.404      12.469  
42.53       12.55   
42.43       12.95   
42.47       11.58   
41.48       11.75   
41.63       11.28   
41.27       11.08   
41.042      10.58   
40.702      10.082  
40.84       10.07   
40.33       9.78    
40.28       9.57    
40.13       9.35    
39.93       8.975   
39.75       8.95    
39.692      8.8     
39.64       8.698   
39.475      8.558   
38.98       8.78    
39.35       8.43    
39.188      8.357   
39.05       8.221   
39.137      8.159   
39.062      8.013   
38.902      7.874   
38.35       8.05    
38.78       7.77    
38.58       7.47    
38.43       7.18    
38.1        7.07    
35.43       7.42    
37.83       6.78    
38.085      6.712   
37.57       5.93    
37.67       5.65    
35.88       5.1     
37.42       4.08    
36.049      4.059   
36.04       3.496   
36.6        2.63    
37.97       2.32    
36.57       2.32    
36.43       1.98    
37.9        1.57    
36.33       1.5     
36.23       1.15    
36.18       0.92    
36.12       0.77    
36.075      0.62    
37.87       0.23    
36.07       -0.2    
34.5        -0.38   
36.27       -0.52   
36.22       -0.65   
36.292      -0.904  
36.446      -0.914  
36.357      -1.151  
35.914      -2.764  
37.88       -2.68   
37.35       -3.07   
36.75       -3.25   
31.933      -4.889  
33.554      -8.989  
33.668      -9.135  
33.792      -9.229  
30.25       0.7     
30.25       0.45    
29.92       -0.08   
30.08       -0.2    
30.191      -0.471  
29.2        -1.408  
29.25       -1.52   
29.45       -1.506  
29.485      -1.458  
29.678      -1.383  
29.72       -1.23   
28.75       -2.32   
8.52        3.35    
8.63        3.35    
8.75        3.58    
9.17        4.203   
9.717       4.758   
10.5        6.25    
8.5         17.68   
2.83        19.83   
5           22.67   
5.83        23.33   
5.83        23.92   
16.33       21.33   
16.45       21.03   
17.28       20.92   
18.53       19.8    
24.27       12.95   
25.85       14.57   
26.47       15.32   
32.75       18.33   
40.85       36.53   
37.583      32.333  
36.17       27.8    
37.25       27.08   
37.75       25.17   
40.2        26.58   
39.92       25      
39.78       23.08   
41.38       22.8    
41.63       18.37   
42.83       17.05   
44.08       15.63   
44.236      15.245  
45.1        15.4    
44.67       14.57   
46.12       13.58   
48.3        14.067  
50.935      15.515  
46.43       37.75   
47.835      38.268  
52.109      35.951  
60          28.07   
60.67       28.17   
61.13       28.6    
43.33       -11.47  
45.17       -12.83  
43.38       -11.75  
49.15       -12.6   
48.48       -13.32  
48.67       -14.3   
46.77       -19     
47.2        -19.4   
55.708      -21.244 
77.825      -37.721 
77.52       -37.83  
77.53       -38.72  
73.513      -53.106 
72.6        -53.03  
69.5        -49.58  
52.2        -46.43  
51.75       -46.42  
50.23       -46.1   
37.95       -46.63  
37.75       -46.9   
173.9       -35.3   
174.27      -35.75  
174.87      -36.9   
176.25      -37.28  
174.07      -39.3   
177.18      -37.52  
176.5       -38.12  
176.33      -38.42  
176.08      -38.42  
176         -38.82  
175.632     -39.157 
175.57      -39.28  
177.839     -36.446 
178.028     -36.321 
178.196     -36.142 
178.05      -36.13  
178.478     -35.745 
178.527     -35.353 
178.973     -35.004 
179.075     -34.875 
-179.18     -31.85  
-179.033    -31.08  
-178.556    -30.543 
-178.475    -30.21  
-178.712    -30.036 
-177.92     -29.27  
-177.188    -25.887 
-177.02     -24.8   
-175.65     -21.338 
-175.75     -21.15  
-175.55     -20.852 
-175.382    -20.536 
-175.42     -20.32  
-175.07     -19.75  
-175.03     -19.67  
-174.87     -19.18  
-174.775    -18.992 
-174.65     -18.806 
-174.365    -18.325 
-174.325    -18.02  
-173.72     -15.85  
-173.67     -15.62  
-175.63     -15.6   
-175.725    -15.431 
-176.283    -15.333 
-174.23     -15.37  
-173.75     -15.1   
-174.003    -15.379 
-169.058    -14.215 
-169.454    -14.23  
-169.618    -14.175 
-170.7      -14.295 
-171.72     -13.935 
-172.525    -13.612 
-176.17     -13.3   
-179.97     -16.82  
179.4       -17.32  
177.98      -19.12  
147.35      -2.38   
147.28      -2.57   
147.78      -3.03   
144.605     -3.507  
144.588     -3.608  
144.818     -3.613  
144.963     -3.994  
145.037     -4.08   
145.964     -4.649  
146.717     -4.883  
147.12      -5.358  
147.875     -5.589  
148.115     -5.519  
148.094     -5.414  
148.42      -5.525  
149.35      -4.63   
149.5       -4.692  
150.094     -5.094  
150.038     -5.141  
150.07      -5.3    
150.027     -5.416  
150.509     -5.466  
150.516     -5.576  
150.942     -5.5    
151.1       -5.33   
151.23      -5.2    
151.33      -5.05   
151.158     -4.92   
152.203     -4.271  
152.2       -4.12   
143.15      -5.9    
145.858     -7.05   
146.708     -7.33   
147.57      -9.2    
148.15      -8.95   
148.37      -9      
148.33      -9.08   
149.07      -9.2    
149.13      -9.48   
149.075     -9.57   
150.35      -9.48   
150.53      -9.52   
150.88      -9.62   
152.642     -3.125  
153.65      -4.08   
154.93      -5.83   
154.98      -5.92   
155.225     -6.092  
155.196     -6.137  
155.608     -6.442  
155.62      -6.52   
156.52      -8.292  
157.03      -8.75   
157.16      -8.841  
157.979     -8.991  
158.03      -8.92   
159.73      -9.35   
159.82      -9.13   
165.8       -10.38  
167.67      -13.67  
167.47      -13.8   
167.5       -14.27  
168.05      -14.45  
167.83      -15.4   
168.12      -16.25  
168.346     -16.507 
168.37      -16.68  
168.536     -16.829 
168.592     -16.992 
168.353     -17.47  
169.238     -18.754 
169.447     -19.532 
169.78      -20.2   
170.28      -20.98  
171.32      -22.33  
172.05      -22.4   
142.5       -37.77  
94.28       13.43   
93.858      12.278  
95.658      5.448   
96.329      4.914   
96.821      4.769   
98.501      3.248   
98.392      3.17    
98.83       2.58    
99.255      1.556   
99.209      1.478   
99.539      0.686   
99.67       0.47    
99.98       0.079   
100.189     0.074   
100.473     -0.381  
100.331     -0.39   
100.681     -0.979  
101.264     -1.697  
101.728     -2.414  
102.239     -3.247  
102.37      -3.38   
102.615     -3.522  
103.13      -4.03   
103.306     -4.257  
103.62      -4.22   
103.67      -4.43   
103.92      -4.83   
104.317     -5.107  
104.27      -5.25   
104.59      -5.334  
105.625     -5.78   
105.423     -6.102  
105.978     -6.343  
106.05      -6.268  
106.7       -6.75   
106.73      -6.72   
106.965     -6.77   
107.4       -7.162  
107.6       -6.77   
107.73      -7.32   
107.709     -7.245  
107.84      -7.143  
107.95      -6.77   
108.058     -7.25   
108.07      -7.208  
108.4       -6.892  
109.208     -7.242  
109.879     -7.2    
109.992     -7.3    
110.07      -7.384  
110.33      -7.18   
110.4       -7.362  
110.44      -7.454  
110.442     -7.542  
110.88      -6.62   
111.192     -7.625  
111.758     -7.808  
112.308     -7.93   
112.45      -7.92   
112.575     -7.733  
112.62      -7.616  
112.68      -8.02   
112.922     -8.108  
112.95      -7.942  
113.342     -7.979  
113.57      -7.97   
114.056     -8.119  
114.242     -8.058  
114.37      -7.85   
115.133     -8.283  
115.375     -8.242  
115.508     -8.343  
116.47      -8.42   
118         -8.25   
119.07      -8.2    
120.02      -8.72   
120.48      -8.68   
120.52      -8.62   
120.95      -8.875  
120.98      -8.73   
121.18      -8.82   
121.645     -8.897  
121.77      -8.792  
121.82      -8.77   
121.708     -8.32   
122.455     -8.676  
122.761     -8.479  
122.775     -8.542  
122.833     -8.365  
123.258     -8.342  
123.505     -8.272  
123.38      -8.55   
123.57      -8.53   
123.585     -7.791  
124.13      -8.508  
126.65      -6.642  
128.675     -7.125  
129.144     -6.976  
129.5       -6.73   
130.017     -6.312  
130.303     -5.543  
129.881     -4.523  
121.601     -0.162  
124.42      0.75    
124.737     1.112   
124.758     1.13    
124.83      1.23    
124.792     1.358   
124.865     1.352   
125.031     1.454   
125.185     1.518   
125.37      2.3     
125.407     2.781   
125.491     3.138   
125.5       3.67    
127.83      1.83    
127.894     1.693   
127.67      1.63    
127.63      1.488   
127.53      1.38    
127.47      1.25    
127.439     1.08    
127.32      0.9     
127.33      0.8     
127.4       0.658   
127.4       0.57    
127.411     0.454   
127.4       0.32    
127.42      0.07    
127.48      -0.53   
127.725     -0.761  
117.88      4.4     
121.057     6.013   
125.375     5.4     
124.892     6.113   
125.07      6.37    
125.269     6.989   
126.047     7.382   
124.32      7.647   
124.45      7.65    
124.5       7.7     
124.8       7.95    
125.068     7.877   
123.63      8.22    
124.673     9.203   
123.17      9.25    
123.132     10.412  
123.25      10.65   
123.23      10.77   
125.218     10.285  
124.888     10.882  
124.535     11.523  
124.05      12.77   
123.958     13.05   
123.685     13.257  
123.6       13.32   
123.451     13.458  
123.38      13.658  
122.018     13.24   
121.48      14.07   
121.3       14.12   
120.993     14.002  
121.27      14.42   
120.47      14.52   
120.4       14.72   
120.35      15.13   
120.742     15.2    
120.805     15.828  
120.98      17.147  
121.1       17.32   
122.123     18.222  
121.86      18.83   
122.202     19.077  
121.94      19.523  
121.75      20.33   
122.01      20.469  
110.229     19.905  
109.12      15.38   
108         14.93   
108.2       11.6    
107.2       10.8    
109.014     10.158  
109.05      9.83    
95.25       20.92   
95.1        22.28   
95.98       22.7    
98.5        25.23   
121.18      21.83   
121.926     24.132  
121.953     24.841  
121.52      25.17   
123.93      24.57   
128.223     27.881  
128.997     28.797  
129.597     29.461  
129.714     29.638  
129.857     29.859  
129.625     29.879  
129.926     29.968  
130.218     30.443  
130.308     30.789  
130.57      31.22   
130.657     31.593  
130.592     31.771  
130.862     31.934  
128.849     32.657  
130.299     32.761  
131.104     32.884  
131.249     33.086  
131.39      33.282  
131.6       34.5    
132.621     35.139  
133.334     36.176  
139.098     34.9    
139.021     35.233  
138.728     35.361  
138.32      36.087  
137.48      35.893  
136.771     36.155  
137.554     36.106  
137.573     36.2    
137.587     36.227  
137.594     36.408  
137.59      36.571  
138.036     36.921  
138.114     36.891  
138.523     36.406  
138.528     36.618  
138.519     36.688  
138.851     36.477  
139.193     36.56   
139.285     36.955  
139.376     36.799  
139.494     36.762  
139.507     36.795  
139.777     36.9    
139.963     37.125  
139.566     37.444  
140.072     37.601  
140.281     37.647  
140.244     37.735  
140.44      38.144  
140.162     38.599  
140.734     38.729  
140.788     38.961  
140.049     39.099  
140.799     39.761  
141.001     39.853  
140.854     39.958  
140.757     39.964  
139.73      39.95   
140.303     40.656  
140.88      40.51   
140.877     40.659  
141.124     41.276  
139.394     34.724  
139.279     34.52   
139.27      34.397  
139.153     34.219  
139.526     34.094  
139.602     33.874  
139.68      33.4    
139.766     33.137  
139.759     32.458  
139.85      32.1    
139.918     31.888  
140.051     31.44   
140.303     30.484  
140.342     29.794  
140.633     28.575  
140.572     28.327  
140.8       27.68   
140.874     27.247  
140.929     26.667  
140.933     26.06   
141.284     25.424  
141.289     24.751  
141.417     24.417  
141.481     24.285  
141.935     23.5    
142.326     23.078  
143.47      21.93   
143.71      21.765  
143.637     21.6    
144.043     21.485  
144.194     21.324  
144.896     20.538  
145.03      20.42   
145.1       20.13   
145.22      20.02   
145.406     19.671  
145.67      18.77   
145.8       18.13   
145.83      17.6    
145.845     17.307  
145.85      16.88   
145.78      16.708  
145.78      16.58   
145.67      16.35   
145.67      15.93   
145.57      15.62   
145.25      15      
144.775     14.601  
143.92      13.4    
144.02      13.25   
144.506     15.406  
139.367     41.51   
141.166     41.805  
140.677     42.063  
140.839     42.544  
140.63      42.88   
140.812     42.827  
141.16      42.491  
141.38      42.688  
141.242     45.179  
142.686     43.418  
142.854     43.664  
143.036     43.453  
143.096     43.312  
144.013     43.384  
144.443     43.608  
144.561     43.572  
145.122     44.076  
145.086     44.044  
145.161     44.133  
145.504     43.844  
145.733     43.979  
146.139     44.454  
146.252     44.353  
146.932     44.462  
146.994     44.608  
147.131     44.808  
147.342     44.833  
147.019     45.022  
147.871     45.012  
147.922     45.026  
148.019     45.1    
147.92      45.338  
148.35      45.25   
148.838     45.389  
148.85      45.5    
149.68      45.77   
149.819     45.874  
149.92      45.93   
150.083     46.042  
150.871     46.532  
151.28      46.47   
151.786     46.815  
151.95      46.925  
152.12      47.02   
152.25      47.12   
152.475     47.35   
152.8       47.52   
152.92      47.6    
153.02      47.77   
153.2       48.092  
153.25      48.292  
153.48      48.98   
153.93      48.958  
154.182     48.873  
154.508     49.12   
154.7       49.35   
154.808     49.57   
154.98      50.2    
155.246     50.267  
155.373     50.148  
155.461     50.324  
155.97      50.55   
156.014     50.686  
155.565     50.861  
156.72      51.1    
156.875     51.306  
156.753     51.356  
156.629     51.533  
156.978     51.452  
157.12      51.45   
157.203     51.498  
157.328     51.577  
157.35      51.65   
157.27      51.75   
157.572     51.844  
157.38      51.88   
157.53      52.02   
157.711     52.062  
157.849     52.113  
157.322     52.146  
157.428     52.22   
157.787     52.263  
157.827     52.355  
157.93      52.43   
158.196     52.449  
158.03      52.559  
157.339     52.543  
157.58      52.63   
158.28      52.7    
158.24      52.802  
157.78      52.9    
158.712     53.321  
158.836     53.256  
158.922     53.637  
159.15      53.589  
158.45      53.75   
158.05      53.83   
158.07      53.905  
158.385     53.905  
159.45      53.98   
159.443     54.049  
159.674     54.135  
160.02      54.32   
159.804     54.528  
159.97      54.5    
160.251     54.489  
160.27      54.596  
160.533     54.753  
160.63      54.92   
160.703     54.974  
160.725     55.033  
160.765     55.064  
160.32      55.131  
160.326     55.832  
160.527     55.758  
160.603     55.862  
160.595     55.972  
160.593     56.02   
160.642     56.056  
160.509     56.113  
161.36      56.653  
167.33      55.42   
157.407     54.761  
157.47      55.55   
157.718     55.678  
157.98      55.82   
157.78      55.88   
158.47      55.2    
158.65      55.43   
158.38      55.58   
158.8       55.65   
158.38      56.08   
157.917     56.483  
158.37      56.37   
158.67      56.33   
158.83      56.32   
159.03      56.37   
158.85      56.4    
158.52      56.57   
159.53      56.52   
159.65      56.7    
159.67      56.82   
159.8       56.85   
159.95      56.88   
159.78      56.97   
159.93      57.1    
160.4       57.13   
161.09      57.153  
159.83      57.2    
160.08      57.27   
159.83      57.3    
159.97      57.32   
160.2       57.33   
160.97      57.35   
161.37      57.35   
160.1       57.4    
160.25      57.47   
160.37      57.45   
160.53      57.55   
160.4       57.7    
160.58      57.7    
160.67      57.8    
160.25      57.83   
160.53      57.88   
160.65      57.97   
160.8       58.02   
160.77      58.08   
160.82      58.13   
160.82      58.18   
160.97      58.2    
160.87      58.28   
161.08      58.4    
160.62      58.37   
117.77      56.28   
113.3       53.7    
102.5       51.5    
99.021      52.713  
98.303      52.433  
99.95       48.133  
102.75      48.67   
109.355     46.995  
114.279     45.754  
106.7       45.28   
80.2        35.52   
113         41.47   
120.8       47.45   
125.92      49.37   
126.12      48.72   
128.83      44.08   
126.5       42.33   
128.08      41.98   
127.33      38.33   
130.87      37.5    
126.53      33.361  
175.911     52.35   
177.602     52.103  
178.136     52.015  
178.33      51.97   
178.543     51.95   
179.58      51.93   
-178.794    51.79   
-178.146    51.885  
-178.006    51.873  
-177.438    51.91   
-177.168    51.923  
-176.747    51.944  
-176.13     52.076  
-175.508    52.177  
-175.13     52.22   
-174.139    52.331  
-174.166    52.381  
-172.51     52.315  
-171.252    52.5    
-171.13     52.577  
-170.629    52.643  
-170.111    52.742  
-170.054    52.894  
-169.944    52.825  
-169.77     52.83   
-169.77     53.065  
-169.72     52.974  
-168.693    53.13   
-168.539    53.157  
-168.13     53.43   
-168.03     53.93   
-166.923    53.891  
-165.986    54.134  
-164.65     54.518  
-164.43     54.65   
-163.97     54.756  
-163.723    54.765  
-163.589    54.8    
-163.149    55.424  
-162.835    55.067  
-162.276    55.183  
-162.073    55.341  
-161.894    55.417  
-161.854    55.457  
-161.214    55.641  
-160.041    55.913  
-160.002    55.929  
-159.954    55.954  
-159.797    56.011  
-159.38     56.17   
-158.785    56.552  
-158.17     56.88   
-157.185    57.019  
-156.99     57.135  
-156.745    57.203  
-156.368    57.751  
-156.51     57.832  
-155.411    57.87   
-155.361    58.172  
-155.253    58.195  
-155.1      58.236  
-154.963    58.28   
-155.157    58.27   
-155.092    58.354  
-154.682    58.336  
-154.449    58.418  
-154.4      58.43   
-154.355    58.453  
-154.028    58.608  
-153.672    58.77   
-153.542    58.855  
-153.43     59.363  
-153.09     60.032  
-152.742    60.485  
-152.251    61.299  
-152.411    61.64   
-170.3      57.18   
-164.47     61.43   
-162.12     63.45   
-163.45     65.517  
-148.433    64.062  
-144.017    62.006  
-141.75     61.38   
-135.75     57.05   
-133.1      56.5    
-133.3      55.25   
-131.05     55.32   
-137.38     62.93   
-135.42     60.42   
-133.32     59.68   
-130.58     59.37   
-131.97     58.6    
-131.35     58.42   
-130.63     57.72   
-130.68     57.43   
-131.28     56.78   
-130.55     56.58   
-128.9      55.12   
-130.23     54.7    
-128.73     52.5    
-123.732    52.928  
-120.57     52.33   
-126.3      51.43   
-123.4      50.8    
-123.5      50.63   
-123.03     49.92   
-123        49.85   
-123.28     50.12   
-121.813    48.777  
-121.113    48.112  
-121.76     46.853  
-121.49     46.206  
-122.18     46.2    
-122.08     45.88   
-121.82     45.93   
-121.695    45.374  
-121.8      44.674  
-121.774    44.411  
-121.93     44.38   
-121.841    44.285  
-121.767    44.133  
-121.688    43.979  
-121.82     43.57   
-121.229    43.722  
-120.861    43.512  
-122.108    43.241  
-122.12     42.93   
-118.75     43.1    
-117.46     43.147  
-122.193    41.409  
-121.554    41.611  
-121.508    40.492  
-122.77     38.97   
-119.03     38      
-119.029    37.804  
-119.032    37.631  
-117.45     37.02   
-118.32     36.358  
-116.625    34.75   
-115.616    33.197  
-114.352    43.183  
-113.5      43.42   
-113.22     42.88   
-112.45     43.5    
-110.67     44.43   
-118.87     39.53   
-112.67     37.58   
-112.5      38.97   
-105.93     33.78   
-108        34.8    
-108.83     34.25   
-107.035    39.661  
-113.13     36.38   
-111.678    35.347  
-128.64     48.78   
-129.1      47.95   
-129.33     46.88   
-129.58     46.52   
-130        45.95   
-130.3      44.83   
-126.78     42.67   
-127.05     42.15   
-127.5      40.98   
-129.879    44.267  
-155.27     18.92   
-155.287    19.421  
-155.608    19.475  
-155.47     19.82   
-155.87     19.692  
-156.25     20.708  
-148.821    -17.564 
-148.586    -17.662 
-148.525    -18.325 
-148.068    -17.874 
-129.27     -25.37  
-140.25     -28.98  
-105.32     16.55   
-105.43     15.83   
-103.58     10.73   
-104.3      9.83    
-86.15      0.792   
-107.95     -8.27   
-113.206    -17.436 
-113.35     -18.175 
-113.42     -18.53  
-139.845    -53.998 
-143.373    -56.153 
-115.305    32.418  
-113.498    31.772  
-115.996    30.468  
-114.4      29.97   
-114.5      29.33   
-113.513    29.08   
-118.28     29.07   
-113.75     28.5    
-112.591    27.47   
-111.881    27.438  
-111.92     26      
-110.82     19.3    
-110.95     18.78   
-104.45     24.15   
-105.886    21.848  
-104.73     21.45   
-104.508    21.125  
-104.83     20.62   
-103.62     19.514  
-101.75     19.85   
-100.25     19.4    
-99.758     19.73   
-99.758     19.108  
-99.13      19.08   
-98.7       19.308  
-98.642     19.179  
-98.622     19.023  
-98.032     19.231  
-97.47      19.27   
-97.45      19.68   
-96.526     19.809  
-96.75      19.67   
-97.15      19.492  
-97.25      19.33   
-97.27      19.15   
-97.27      19.03   
-95.2       18.57   
-93.228     17.36   
-92.109     15.132  
-91.903     15.043  
-91.552     14.757  
-91.519     14.797  
-91.186     14.583  
-91.189     14.612  
-90.876     14.501  
-90.88      14.473  
-90.743     14.465  
-90.601     14.382  
-90.4       14.33   
-90.407     14.156  
-90.269     14.336  
-90.1       14.03   
-89.992     14.308  
-89.9       14.43   
-89.87      14.33   
-89.78      14.4    
-89.73      14.12   
-89.68      14.42   
-89.63      14.55   
-89.55      14.83   
-89.45      14.57   
-89.48      14.27   
-89.631     14.054  
-89.786     13.891  
-89.63      13.853  
-89.633     13.813  
-89.55      13.87   
-89.294     13.734  
-89.25      14.02   
-89.12      13.9    
-89.053     13.672  
-88.837     13.595  
-88.77      13.72   
-88.532     13.435  
-88.502     13.494  
-88.471     13.419  
-88.43      13.47   
-88.33      13.478  
-88.269     13.434  
-88.105     13.428  
-87.641     13.272  
-87.63      13.33   
-87.98      14.98   
-86.882     16.12   
-87.57      12.98   
-87.004     12.702  
-86.84      12.606  
-86.75      12.55   
-86.702     12.506  
-86.688     12.495  
-86.539     12.423  
-86.342     12.242  
-86.32      12.12   
-86.161     11.984  
-85.98      11.92   
-85.968     11.826  
-85.82      11.73   
-85.622     11.538  
-86.4       13.17   
-86.142     12.53   
-85.73      12.3    
-83.87      12.53   
-85.473     10.98   
-85.324     10.83   
-85.153     10.748  
-85.015     10.673  
-84.703     10.463  
-84.366     10.3    
-84.233     10.2    
-84.1       10.135  
-83.852     9.979   
-83.767     10.025  
-82.543     8.808   
-80.17      8.58    
-74.961     5.65    
-75.363     5.203   
-75.293     5.091   
-75.324     4.892   
-75.365     4.818   
-75.33      4.658   
-75.389     4.487   
-76.03      2.93    
-76.4       2.32    
-76.592     2.108   
-76.814     1.666   
-76.936     1.5     
-77.37      1.22    
-77.68      1.08    
-77.87      0.95    
-77.938     0.817   
-77.58      0.552   
-78.287     0.468   
-78.364     0.308   
-78.183     0.258   
-78.27      0.13    
-77.986     0.029   
-77.656     -0.077  
-78.463     0.038   
-78.598     -0.171  
-78.617     -0.353  
-78.25      -0.375  
-78.141     -0.481  
-78         -0.53   
-77.626     -0.538  
-78.714     -0.659  
-78.436     -0.677  
-78.9       -0.85   
-78.815     -1.464  
-78.442     -1.467  
-78.613     -1.78   
-78.341     -2.005  
-91.55      -0.37   
-91.546     -0.02   
-91.35      0.02    
-91.28      -0.18   
-91.12      -0.43   
-91.17      -0.83   
-91.408     -0.92   
-90.75      0.58    
-90.47      0.33    
-89.958     0.32    
-90.77      -0.22   
-90.33      -0.62   
-89.5       -0.88   
-71.351     -14.176 
-73.18      -15.07  
-73.45      -15.33  
-72.65      -15.52  
-72.33      -15.42  
-72.13      -15.83  
-71.857     -15.787 
-71.53      -16.191 
-71.754     -16.261 
-71.409     -16.294 
-70.903     -16.355 
-70.85      -16.608 
-70.595     -16.755 
-70.372     -17.026 
-70.196     -17.184 
-69.813     -17.47  
-69.77      -17.72  
-69.5       -18.1   
-69.142     -18.166 
-69.092     -18.42  
-68.75      -18.62  
-68.83      -19.15  
-68.53      -19.13  
-67.432     -19.463 
-66.48      -19.78  
-68.55      -20.73  
-68.2       -20.85  
-68.413     -20.939 
-68.237     -21.787 
-68.391     -21.888 
-67.853     -22.557 
-67.892     -22.72  
-67.88      -22.83  
-67.566     -22.895 
-67.75      -23     
-67.645     -23.236 
-67.62      -23.3   
-67.67      -23.52  
-67.7       -23.58  
-67.73      -23.37  
-67.534     -23.743 
-67.77      -23.82  
-67.95      -23.83  
-67.74      -23.949 
-68.13      -23.97  
-68.25      -24.18  
-68.054     -24.188 
-68.59      -24.319 
-68.246     -24.396 
-68.53      -24.72  
-68.367     -25.083 
-68.507     -25.168 
-68.521     -25.336 
-68.588     -25.414 
-68.58      -26.48  
-68.37      -26.8   
-68.296     -27.033 
-68.541     -27.109 
-68.713     -27.105 
-66.48      -24.05  
-67.783     -24.29  
-68.266     -25.078 
-67.4       -26.12  
-68.361     -26.632 
-68.116     -26.623 
-67.765     -26.789 
-68.561     -27.196 
-109.38     -27.15  
-69.797     -33.425 
-69.895     -33.789 
-69.832     -34.164 
-70.295     -34.608 
-70.05      -34.65  
-69.981     -34.917 
-70.352     -34.814 
-70.568     -35.223 
-69.9       -35.123 
-70.496     -35.558 
-70.75      -35.58  
-70.761     -35.653 
-70.492     -36.058 
-70.849     -35.989 
-71.161     -36.193 
-71.009     -36.286 
-70.92      -36.45  
-69.241     -36.422 
-70.432     -36.638 
-71.377     -36.863 
-70.033     -37.144 
-71.349     -37.406 
-70.906     -37.738 
-71.183     -37.856 
-71.45      -37.92  
-71.167     -38.255 
-71.645     -38.31  
-71.586     -38.379 
-70.898     -38.509 
-70.37      -39.02  
-71.729     -38.692 
-71.52      -38.97  
-71.75      -39.25  
-71.93      -39.42  
-71.7       -39.5   
-71.502     -39.637 
-71.58      -39.887 
-72.027     -39.927 
-72.07      -40.35  
-72.117     -40.59  
-71.943     -40.768 
-72.153     -40.771 
-72.264     -40.969 
-72.496     -41.105 
-71.885     -41.157 
-72.27      -41.25  
-72.618     -41.33  
-72.396     -41.755 
-72.431     -41.874 
-72.58      -41.88  
-70.194     -42.018 
-72.578     -42.377 
-72.445     -42.799 
-72.646     -42.833 
-72.81      -43.497 
-72.794     -43.189 
-72.47      -43.78  
-72.88      -44.08  
-72.53      -44.3   
-73.08      -44.7   
-72.984     -45.059 
-73.17      -45.1   
-72.97      -45.9   
-73.48      -47.2   
-73.55      -49.02  
-73.28      -49.358 
-73.75      -50.33  
-73.585     -50.964 
-73.05      -45.22  
-73.4       -52.33  
-69.698     -52.082 
-70.262     -54.97  
-63.23      17.63   
-62.96      17.478  
-62.8       17.37   
-62.58      17.15   
-62.18      16.72   
-61.664     16.044  
-61.43      15.612  
-61.397     15.503  
-61.33      15.37   
-61.305     15.307  
-61.341     15.255  
-61.165     14.809  
-61.05      13.83   
-61.18      13.33   
-61.64      12.3    
-61.67      12.15   
-23.783     64.8    
-23.283     64.866  
-22.483     64.9    
-22.566     63.85   
-22.083     63.883  
-21.783     63.933  
-21.416     64.083  
-21.333     64.083  
-20.883     64.05   
-20.666     64.583  
-19.7       64.85   
-18.766     64.833  
-20.266     63.416  
-19.633     63.633  
-19.083     63.633  
-19.716     63.783  
-19.122     63.892  
-19.666     63.983  
-17.316     64.416  
-17.516     64.633  
-17.916     64.75   
-16.647     64.653  
-16.783     65.033  
-16.666     65.416  
-16.728     65.715  
-17.166     65.833  
-17.118     66.309  
-16.633     64.05   
-16.583     64.25   
-18.5       66.67   
-8.146      71.087  
85.25       85.608  
-38.08      38.75   
-31.216     39.462  
-31.111     39.699  
-28.73      38.6    
-28.4       38.47   
-28.08      38.65   
-27.97      39.02   
-27.32      38.73   
-26.63      38.23   
-25.78      37.87   
-25.67      37.78   
-25.47      37.77   
-25.32      37.77   
-25.88      37.6    
-16.97      32.73   
-17.83      28.57   
-18.03      27.73   
-16.641     28.271  
-15.58      28      
-14.02      28.358  
-13.63      29.03   
-24.35      14.95   
-24.72      14.85   
-19.596     -0.433  
-14.37      -7.95   
-5.22       -32.958 
-12.28      -37.092 
-12.48      -37.42  
3.351       -54.408 
163.25      -66.78  
162.47      -66.42  
164.83      -67.4   
165.5       -72.67  
164.7       -74.35  
163         -76.83  
163.53      -78.5   
167.17      -77.53  
163.33      -78.25  
-136        -76.05  
-132.33     -75.8   
-126.88     -77.17  
-126.67     -73.43  
-115.83     -75.8   
-112.08     -76.28  
-99.42      -74.33  
-90.58      -68.85  
-60.652     -63.001 
-57.93      -62.1   
-56.717     -62.061 
-55.78      -63.579 
-60.05      -65.03  
-27.225     -59.442 
-26.533     -59.017 
-26.374     -58.445 
-26.483     -57.8   
-26.67      -57.08  
-27.176     -56.712 
-28.14      -56.656 
-27.57      -56.3   
-28.167     -55.912 
-57.75      -64.15  
-57.67      -62.02  
